0 0 0
5e-05 154 109
0.0001 293 212
0.00015 404 306
0.0002 475 385
0.00025 499 445
0.0003 475 484
0.00035 404 499
0.0004 293 491
0.00045 154 458
0.0005 0 404
0.00055 -154 330
0.0006 -293 240
0.00065 -404 139
0.0007 -475 31
0.00075 -499 -78
0.0008 -475 -184
0.00085 -404 -281
0.0009 -293 -364
0.00095 -154 -430
0.001 0 -475
0.00105 154 -497
0.0011 293 -496
0.00115 404 -470
0.0012 475 -422
0.00125 499 -353
0.0013 475 -267
0.00135 404 -169
0.0014 293 -62
0.00145 154 47
0.0015 0 154
0.00155 -154 254
0.0016 -293 342
0.00165 -404 413
0.0017 -475 464
0.00175 -499 493
0.0018 -475 499
0.00185 -404 480
0.0019 -293 438
0.00195 -154 375
0.002 0 293
0.00205 154 198
0.0021 293 93
0.00215 404 -15
0.0022 475 -124
0.00225 499 -226
0.0023 475 -318
0.00235 404 -395
0.0024 293 -452
0.00245 154 -487
0.0025 0 -499
0.00255 -154 -487
0.0026 -293 -452
0.00265 -404 -395
0.0027 -475 -318
0.00275 -499 -226
0.0028 -475 -124
0.00285 -404 -15
0.0029 -293 93
0.00295 -154 198
0.003 0 293
0.00305 154 375
0.0031 293 438
0.00315 404 480
0.0032 475 499
0.00325 499 493
0.0033 475 464
0.00335 404 413
0.0034 293 342
0.00345 154 254
0.0035 0 154
0.00355 -154 47
0.0036 -293 -62
0.00365 -404 -169
0.0037 -475 -267
0.00375 -499 -353
0.0038 -475 -422
0.00385 -404 -470
0.0039 -293 -496
0.00395 -154 -497
0.004 0 -475
0.00405 154 -430
0.0041 293 -364
0.00415 404 -281
0.0042 475 -184
0.00425 499 -78
0.0043 475 31
0.00435 404 139
0.0044 293 240
0.00445 154 330
0.0045 0 404
0.00455 -154 458
0.0046 -293 491
0.00465 -404 499
0.0047 -475 484
0.00475 -499 445
0.0048 -475 385
0.00485 -404 306
0.0049 -293 212
0.00495 -154 109
0.005 0 0
0.00505 154 -109
0.0051 293 -212
0.00515 404 -306
0.0052 475 -385
0.00525 499 -445
0.0053 475 -484
0.00535 404 -499
0.0054 293 -491
0.00545 154 -458
0.0055 0 -404
0.00555 -154 -330
0.0056 -293 -240
0.00565 -404 -139
0.0057 -475 -31
0.00575 -499 78
0.0058 -475 184
0.00585 -404 281
0.0059 -293 364
0.00595 -154 430
0.006 0 475
0.00605 154 497
0.0061 293 496
0.00615 404 470
0.0062 475 422
0.00625 499 353
0.0063 475 267
0.00635 404 169
0.0064 293 62
0.00645 154 -47
0.0065 0 -154
0.00655 -154 -254
0.0066 -293 -342
0.00665 -404 -413
0.0067 -475 -464
0.00675 -499 -493
0.0068 -475 -499
0.00685 -404 -480
0.0069 -293 -438
0.00695 -154 -375
0.007 0 -293
0.00705 154 -198
0.0071 293 -93
0.00715 404 15
0.0072 475 124
0.00725 499 226
0.0073 475 318
0.00735 404 395
0.0074 293 452
0.00745 154 487
0.0075 0 499
0.00755 -154 487
0.0076 -293 452
0.00765 -404 395
0.0077 -475 318
0.00775 -499 226
0.0078 -475 124
0.00785 -404 15
0.0079 -293 -93
0.00795 -154 -198
0.008 0 -293
0.00805 154 -375
0.0081 293 -438
0.00815 404 -480
0.0082 475 -499
0.00825 499 -493
0.0083 475 -464
0.00835 404 -413
0.0084 293 -342
0.00845 154 -254
0.0085 0 -154
0.00855 -154 -47
0.0086 -293 62
0.00865 -404 169
0.0087 -475 267
0.00875 -499 353
0.0088 -475 422
0.00885 -404 470
0.0089 -293 496
0.00895 -154 497
0.009 0 475
0.00905 154 430
0.0091 293 364
0.00915 404 281
0.0092 475 184
0.00925 499 78
0.0093 475 -31
0.00935 404 -139
0.0094 293 -240
0.00945 154 -330
0.0095 0 -404
0.00955 -154 -458
0.0096 -293 -491
0.00965 -404 -499
0.0097 -475 -484
0.00975 -499 -445
0.0098 -475 -385
0.00985 -404 -306
0.0099 -293 -212
0.00995 -154 -109
0.01 0 0
0.01005 154 109
0.0101 293 212
0.01015 404 306
0.0102 475 385
0.01025 499 445
0.0103 475 484
0.01035 404 499
0.0104 293 491
0.01045 154 458
0.0105 0 404
0.01055 -154 330
0.0106 -293 240
0.01065 -404 139
0.0107 -475 31
0.01075 -499 -78
0.0108 -475 -184
0.01085 -404 -281
0.0109 -293 -364
0.01095 -154 -430
0.011 0 -475
0.01105 154 -497
0.0111 293 -496
0.01115 404 -470
0.0112 475 -422
0.01125 499 -353
0.0113 475 -267
0.01135 404 -169
0.0114 293 -62
0.01145 154 47
0.0115 0 154
0.01155 -154 254
0.0116 -293 342
0.01165 -404 413
0.0117 -475 464
0.01175 -499 493
0.0118 -475 499
0.01185 -404 480
0.0119 -293 438
0.01195 -154 375
0.012 0 293
0.01205 154 198
0.0121 293 93
0.01215 404 -15
0.0122 475 -124
0.01225 499 -226
0.0123 475 -318
0.01235 404 -395
0.0124 293 -452
0.01245 154 -487
0.0125 0 -499
0.01255 -154 -487
0.0126 -293 -452
0.01265 -404 -395
0.0127 -475 -318
0.01275 -499 -227
0.0128 -475 -124
0.01285 -404 -15
0.0129 -293 93
0.01295 -154 198
0.013 0 293
0.01305 154 375
0.0131 293 438
0.01315 404 480
0.0132 475 499
0.01325 499 493
0.0133 475 464
0.01335 404 413
0.0134 293 342
0.01345 154 254
0.0135 0 154
0.01355 -154 47
0.0136 -293 -62
0.01365 -404 -169
0.0137 -475 -267
0.01375 -499 -353
0.0138 -475 -422
0.01385 -404 -470
0.0139 -293 -496
0.01395 -154 -497
0.014 0 -475
0.01405 154 -430
0.0141 293 -364
0.01415 404 -281
0.0142 475 -184
0.01425 499 -78
0.0143 475 31
0.01435 404 139
0.0144 293 240
0.01445 154 330
0.0145 0 404
0.01455 -154 458
0.0146 -293 491
0.01465 -404 499
0.0147 -475 484
0.01475 -499 445
0.0148 -475 385
0.01485 -404 306
0.0149 -293 212
0.01495 -154 109
0.015 0 0
0.01505 154 -109
0.0151 293 -212
0.01515 404 -306
0.0152 475 -385
0.01525 499 -445
0.0153 475 -484
0.01535 404 -499
0.0154 293 -491
0.01545 154 -458
0.0155 0 -404
0.01555 -154 -330
0.0156 -293 -240
0.01565 -404 -139
0.0157 -475 -31
0.01575 -499 78
0.0158 -475 184
0.01585 -404 281
0.0159 -293 364
0.01595 -154 430
0.016 0 475
0.01605 154 497
0.0161 293 496
0.01615 404 470
0.0162 475 422
0.01625 499 353
0.0163 475 267
0.01635 404 169
0.0164 293 62
0.01645 154 -47
0.0165 0 -154
0.01655 -154 -254
0.0166 -293 -342
0.01665 -404 -413
0.0167 -475 -464
0.01675 -499 -493
0.0168 -475 -499
0.01685 -404 -480
0.0169 -293 -438
0.01695 -154 -375
0.017 0 -293
0.01705 154 -198
0.0171 293 -93
0.01715 404 15
0.0172 475 124
0.01725 499 226
0.0173 475 318
0.01735 404 395
0.0174 293 452
0.01745 154 487
0.0175 0 499
0.01755 -154 487
0.0176 -293 452
0.01765 -404 395
0.0177 -475 318
0.01775 -499 227
0.0178 -475 124
0.01785 -404 15
0.0179 -293 -93
0.01795 -154 -198
0.018 0 -293
0.01805 154 -375
0.0181 293 -438
0.01815 404 -480
0.0182 475 -499
0.01825 499 -493
0.0183 475 -464
0.01835 404 -413
0.0184 293 -342
0.01845 154 -254
0.0185 0 -154
0.01855 -154 -47
0.0186 -293 62
0.01865 -404 169
0.0187 -475 267
0.01875 -499 353
0.0188 -475 422
0.01885 -404 470
0.0189 -293 496
0.01895 -154 497
0.019 0 475
0.01905 154 430
0.0191 293 364
0.01915 404 281
0.0192 475 184
0.01925 499 78
0.0193 475 -31
0.01935 404 -139
0.0194 293 -240
0.01945 154 -330
0.0195 0 -404
0.01955 -154 -458
0.0196 -293 -491
0.01965 -404 -499
0.0197 -475 -484
0.01975 -499 -445
0.0198 -475 -385
0.01985 -404 -306
0.0199 -293 -212
0.01995 -154 -109
0.02 0 0
0.02005 154 109
0.0201 293 212
0.02015 404 306
0.0202 475 385
0.02025 499 445
0.0203 475 484
0.02035 404 499
0.0204 293 491
0.02045 154 458
0.0205 0 404
0.02055 -154 330
0.0206 -293 240
0.02065 -404 139
0.0207 -475 31
0.02075 -499 -78
0.0208 -475 -184
0.02085 -404 -281
0.0209 -293 -364
0.02095 -154 -430
0.021 0 -475
0.02105 154 -497
0.0211 293 -496
0.02115 404 -470
0.0212 475 -422
0.02125 499 -353
0.0213 475 -267
0.02135 404 -169
0.0214 293 -62
0.02145 154 47
0.0215 0 154
0.02155 -154 254
0.0216 -293 342
0.02165 -404 413
0.0217 -475 464
0.02175 -499 493
0.0218 -475 499
0.02185 -404 480
0.0219 -293 438
0.02195 -154 375
0.022 0 293
0.02205 154 198
0.0221 293 93
0.02215 404 -15
0.0222 475 -124
0.02225 499 -226
0.0223 475 -318
0.02235 404 -395
0.0224 293 -452
0.02245 154 -487
0.0225 0 -499
0.02255 -154 -487
0.0226 -293 -452
0.02265 -404 -395
0.0227 -475 -318
0.02275 -499 -227
0.0228 -475 -124
0.02285 -404 -15
0.0229 -293 93
0.02295 -154 198
0.023 0 293
0.02305 154 375
0.0231 293 438
0.02315 404 480
0.0232 475 499
0.02325 499 493
0.0233 475 464
0.02335 404 413
0.0234 293 342
0.02345 154 254
0.0235 0 154
0.02355 -154 47
0.0236 -293 -62
0.02365 -404 -169
0.0237 -475 -267
0.02375 -499 -353
0.0238 -475 -422
0.02385 -404 -470
0.0239 -293 -496
0.02395 -154 -497
0.024 0 -475
0.02405 154 -430
0.0241 293 -364
0.02415 404 -281
0.0242 475 -184
0.02425 499 -78
0.0243 475 31
0.02435 404 139
0.0244 293 240
0.02445 154 330
0.0245 0 404
0.02455 -154 458
0.0246 -293 491
0.02465 -404 499
0.0247 -475 484
0.02475 -499 445
0.0248 -475 385
0.02485 -404 306
0.0249 -293 212
0.02495 -154 109
